C               0 3 5 5 5 3
C               x 3 2 0 1 0
C7              x 3 2 3 1 0
C7              x 3 5 3 5 3
Cm              x 3 5 5 4 3
Cm              x x 5 5 4 3
C#              x 4 3 1 2 1
C#              x 4 6 6 6 4
C#              x x 3 1 2 1
C#7             x 4 3 4 2 x
C#m             x 4 6 6 5 4
C#m             x x 2 1 2 0
C#m7            0 4 2 4 0 0
C#m7            x 4 6 4 5 4
D               x 5 4 2 3 x
D               x x 0 2 3 2
D               x x 0 7 7 5
Dm              x 0 0 2 3 1
Dm7             x 5 7 5 6 5
Dm7             x x 0 2 1 1
Dm7             x x 0 5 6 5
D7              x 0 0 2 1 2
D7              x 0 0 2 1 2
D7              x 3 x 2 3 2
D7              x 5 7 5 7 5
D#              x x 1 3 4 3
D#              x x 5 3 4 3
D#7             x 1 1 3 2 3
D#7             x 6 8 6 8 6
D#7             x x 1 3 2 3
D#7             x x 1 3 2 3
D#m             x x 4 3 4 2
E               0 3 3 2 0 0
E               x 7 6 4 5 x
E7              0 2 0 1 0 0
E7              0 2 2 1 3 0
Em              0 2 2 0 0 0
Em              x 0 5 4 5 0
Em7             0 x 0 0 0 x
Em7/A           0 0 0 0 0 0
F               1 3 3 2 1 1
F7              x x 3 5 4 5
Fm              x x 3 1 1 1
Fm              x x 4 2 2 2
Fm7             x 8 108 9 8
Fm7             x x 3 1 4 1
F#              x x 4 3 2 2
F#7             2 4 2 3 2 2
F#m             2 4 4 2 2 2
F#m             x x 4 2 2 2
F#m7            2 x 2 2 2 0
G               3 2 0 0 0 3
G               3 2 0 0 3 3
G               3 5 5 4 3 3
G#              4 6 6 5 4 4
G#7		        x x 1 1 1 2
G#m		        x x 0 4 4 4
G#m7            4 x 4 4 4 0
G7              3 2 0 0 0 1
Gm              3 5 5 3 3 3
Gm7             3 5 3 3 3 3
A               0 0 2 2 2 0
A               5 7 7 6 5 5
A7              0 0 2 0 2 0
Am              x 0 2 2 1 0
Am              5 7 7 5 5 5
Am7             x 0 2 0 1 0
A#              0 1 3 3 3 1
A#7             0 1 3 1 3 1
A#7             x x 3 3 3 4
B               x 2 4 4 4 2
B7              x 2 1 2 0 2
B7              x 2 4 2 4 2
Bm              2 2 4 4 3 2
Bm              x 2 4 4 3 x
Bm7             x 2 4 2 3 2